0 0.243810 0.098943 0.029063 0.059266
0 0.152988 0.162227 0.027610 0.051230
0 0.116659 0.344041 0.039235 0.047212
0 0.094862 0.579597 0.042141 0.050225
0 0.011669 0.821681 0.022524 0.036162
0 0.251075 0.602700 0.047954 0.066297
0 0.202758 0.851314 0.041415 0.051230
0 0.365148 0.479649 0.055220 0.073329
0 0.307748 0.302857 0.040688 0.067302
0 0.420367 0.849807 0.046501 0.056252
0 0.420528 0.155990 0.029434 0.048444
0 0.468183 0.260144 0.030836 0.051351
0 0.531256 0.369628 0.029434 0.045537
0 0.598884 0.520288 0.023127 0.038755
0 0.552631 0.655931 0.027332 0.036817
0 0.677375 0.226233 0.032938 0.037786
0 0.634976 0.362845 0.030836 0.043600
0 0.544203 0.098152 0.019705 0.029646
0 0.530293 0.200712 0.024341 0.031248
0 0.638091 0.860936 0.028978 0.039261
