0 0.326561 0.042559 0.028269 0.052490
0 0.432845 0.158888 0.013217 0.034047
0 0.470659 0.120939 0.012482 0.039013
0 0.416875 0.265995 0.015787 0.036885
0 0.270757 0.468506 0.024598 0.029082
0 0.259927 0.561782 0.023496 0.031210
0 0.311509 0.686622 0.022395 0.029791
0 0.347304 0.779898 0.025699 0.029082
0 0.368781 0.540857 0.020192 0.026245
0 0.406962 0.399702 0.017255 0.027663
0 0.473413 0.416371 0.020926 0.032629
0 0.453895 0.561254 0.018156 0.031889
0 0.477415 0.877757 0.025583 0.032421
0 0.543908 0.560610 0.019778 0.031266
0 0.521289 0.342642 0.019531 0.039245
0 0.497949 0.240000 0.015820 0.041509
0 0.544380 0.152044 0.012772 0.028473
0 0.564225 0.211837 0.013558 0.025056
0 0.589081 0.180137 0.009825 0.022399
0 0.595860 0.118067 0.013165 0.022778
0 0.590359 0.279033 0.012772 0.023537
0 0.634569 0.274857 0.011593 0.027334
0 0.654120 0.195892 0.017291 0.029612
0 0.636578 0.689270 0.014728 0.022326
0 0.635105 0.563630 0.011329 0.024077
0 0.600904 0.446631 0.012705 0.025379
0 0.619434 0.368491 0.010742 0.026038
0 0.641113 0.421321 0.009961 0.019245
0 0.689856 0.660067 0.008227 0.023972
