0 0.189795 0.089436 0.027568 0.059077
0 0.105765 0.151795 0.018555 0.049231
0 0.071306 0.338051 0.032339 0.052513
0 0.048509 0.580513 0.037641 0.053333
0 0.149503 0.856615 0.039231 0.050872
0 0.196156 0.608410 0.041352 0.059897
0 0.245726 0.298667 0.034460 0.060718
0 0.298476 0.479179 0.045593 0.067282
0 0.349569 0.853419 0.044179 0.052137
0 0.392404 0.255715 0.025898 0.050693
0 0.347463 0.141951 0.024375 0.047156
0 0.462255 0.088484 0.020111 0.031125
0 0.448296 0.191983 0.018481 0.026869
0 0.585781 0.219718 0.028001 0.044204
0 0.546860 0.358397 0.027441 0.049404
0 0.450816 0.362297 0.025761 0.046804
0 0.512138 0.520910 0.026321 0.036403
0 0.470760 0.656853 0.023042 0.041468
0 0.548461 0.866266 0.026258 0.040639
